@metric_space matrix
@items item1,item2,item3,item4,item5,item6,item7,item8,item9,item10
0	9	12	8	10	15	15	9	10	10
9	0	13	7	9	14	10	8	9	11
12	13	0	10	12	13	15	11	10	16	
8	7	10	0	4	11	9	5	6	10	
10	9	12	4	0	11	9	5	8	10	
15	14	13	11	11	0	16	10	11	17
15	10	15	9	9	16	0	12	11	9
9	8	11	5	5	10	12	0	7	11
10	9	10	6	8	11	11	7	0	10
10	11	16	10	10	17	9	11	10	0	
